Year	EPL	LaLiga	SerieA	Bundesliga	Total	Champions	WorldCup
1965-66 3.15	2.54	2.18	3.23	2.83	NA	2.78
1969-70 2.62	2.36	1.93	3.11	2.56	NA	2.97
1973-74 2.40	2.32	2.07	3.55	2.59	NA	2.55
1977-78 2.66	2.75	2.13	3.31	2.74	NA	2.68
1981-82 2.54	2.79	1.98	3.53	2.73	NA	2.81
1985-86 2.79	2.61	2.06	3.12	2.69	NA	2.54
1989-90 2.59	2.42	2.23	2.58	2.46	NA	2.21
1993-94 2.59	2.60	2.42	2.92	2.63 	2.37 	2.71
1997-98 2.68	2.66	2.77	2.89	2.74 	2.81 	2.67
2001-02 2.63	2.53	2.63	2.92	2.67 	2.50 	2.52
2005-06 2.48	2.46	2.61	2.81	2.58 	2.28 	2.30
2009-10 2.79	2.67	2.54	2.79	2.70 	2.48 	2.23
2013-14 2.77	2.76	2.72	3.16	NA		NA		2.70
2017-18 2.68	2.70	2.67	2.86	NA		NA		2.60